0 0
500 413
1000 2777
1500 7208
2000 24008
2500 40489
3000 58164
3500 87106
4000 112266
4500 149497
5000 182441
5500 219790
6000 260890
6500 303867
7000 357589
7500 409359
8000 460437
8500 513110
9000 582271
9500 643511
10000 715529
10500 807465
11000 883756
11500 970172
12000 1051083
12500 1168882
13000 1255556
13500 1349814
14000 1445648
14500 1549438
15000 1648610
15500 1755917
16000 1866150
16500 1976794
17000 2100360
17500 2214771
18000 2338754
18500 2467015
19000 2603907
19500 2737105
20000 2873803
20500 3022207
21000 3159641
21500 3311945
22000 3460008
22500 3622829
23000 3781919
23500 3939772
24000 4100593
24500 4282109
25000 4452596
25500 4629247
26000 4813957
26500 4999951
27000 5182747
27500 5385023
28000 5579326
28500 5777353
29000 5980223
29500 6184793
30000 6395587
30500 6766951
31000 7155280
31500 7580987
32000 7998786
32500 8355082
33000 8761738
33500 9085508
34000 9085832
34500 9092748
35000 9095781
35500 9111076
36000 9123223
36500 9128215
37000 9150062
37500 9172759
38000 9202772
38500 9224353
39000 9245616
39500 9271715
40000 9314803
40500 9356777
41000 9404237
41500 9462605
42000 9524743
42500 9589721
43000 9650251
43500 9722306
44000 9787945
44500 9869277
45000 9942026
45500 9998897
46000 10060248
