0 0
500 35
1000 77
1500 106
2000 139
2500 167
3000 197
3500 226
4000 254
4500 282
5000 312
5500 343
6000 371
6500 400
7000 428
7500 456
8000 487
8500 515
9000 544
9500 572
10000 602
10500 633
11000 661
11500 689
12000 717
12500 746
13000 775
13500 807
14000 834
14500 861
15000 890
15500 918
16000 951
16500 979
17000 1008
17500 1036
18000 1064
18500 1094
19000 1123
19500 1152
20000 1180
20500 1209
21000 1240
21500 1268
22000 1296
22500 1324
23000 1353
23500 1381
24000 1409
24500 1438
25000 1466
25500 1493
26000 1520
26500 1550
27000 1577
27500 1605
28000 1633
28500 1661
29000 1690
29500 1717
30000 1745
30500 1774
31000 1801
31500 1829
32000 1858
32500 1886
33000 1915
33500 22237
34000 81265
34500 138671
35000 195164
35500 250765
36000 305529
36500 359354
37000 412362
37500 464417
38000 515586
38500 565880
39000 615595
39500 664364
40000 712007
40500 758759
41000 804736
41500 849651
42000 893645
42500 936730
43000 978871
43500 1020090
44000 1060387
44500 1099767
45000 1138236
45500 1175828
46000 1212501
46500 1248297
47000 1283180
47500 1317194
48000 1350319
48500 1382593
49000 1413989
49500 1444480
50000 1474087
50500 1502811
51000 1530704
51500 1557785
52000 1583874
52500 1609095
53000 1633437
53500 1656928
54000 1679523
54500 1701247
55000 1722095
55500 1742070
56000 1761172
56500 1779408
57000 1796785
57500 1813267
58000 1828873
58500 1843610
59000 1857475
59500 1870460
60000 1882589
60500 1893830
61000 1904224
61500 1913715
62000 1922398
62500 1930142
63000 1937013
63500 1943015
64000 1948142
64500 1952391
65000 1955764
65500 1958266
66000 1959827
66500 1960155
67000 1960191
67500 1960206
68000 1960222
68500 1960237
69000 1960252
69500 1960268
70000 1960283
70500 1960298
71000 1960314
71500 1960329
72000 1960344
72500 1960360
73000 1960375
73500 1960390
74000 1960406
74500 1960421
75000 1960436
75500 1960452
76000 1960467
76500 1960483
77000 1960498
77500 1960514
78000 1960530
78500 1960545
79000 1960560
79500 1960576
80000 1960592
80500 1960607
81000 1960623
81500 1960638
82000 1960653
82500 1960669
83000 1960684
83500 1960700
84000 1960716
84500 1960732
85000 1960748
85500 1960764
86000 1960780
86500 1960795
87000 1960810
87500 1960826
88000 1960842
88500 1960858
89000 1960874
89500 1960890
90000 1960906
90500 1960922
91000 1960938
91500 1960954
92000 1960970
92500 1960986
93000 1961002
93500 1961018
94000 1961034
94500 1961050
95000 1961066
95500 1961082
96000 1961098
96500 1961114
97000 1961130
97500 1961146
98000 1961162
98500 1961178
99000 1961194
99500 1961210
100000 1961226
