0 0
500 108
1000 210
1500 303
2000 399
2500 503
3000 610
3500 717
4000 825
4500 943
5000 1068
5500 1191
6000 1313
6500 1434
7000 1553
7500 1675
8000 1796
8500 1926
9000 2061
9500 2197
10000 2331
10500 2467
11000 2604
11500 2739
12000 2875
12500 3011
13000 3146
13500 3284
14000 3419
14500 3556
15000 3692
15500 3828
16000 3963
16500 4104
17000 4262
17500 4421
18000 4579
18500 4736
19000 4894
19500 5060
20000 5221
20500 5377
21000 5536
21500 5696
22000 5858
22500 6018
23000 6181
23500 6343
24000 6506
24500 6669
25000 6828
25500 6987
26000 7143
26500 7302
27000 7459
27500 7616
28000 7773
28500 7932
29000 8091
29500 8256
30000 8416
30500 8577
31000 8739
31500 8903
32000 9069
32500 9232
33000 9409
33500 9552
34000 9591
34500 9625
35000 9658
35500 9689
36000 9724
36500 9756
37000 9789
37500 9820
38000 9853
38500 9886
39000 9919
39500 9949
40000 9981
40500 10011
41000 10042
41500 10072
42000 10109
42500 10140
43000 10171
43500 10202
44000 10236
44500 10270
45000 10301
45500 10332
46000 10363
46500 10393
47000 10424
47500 10455
48000 10486
48500 10517
49000 10546
49500 10576
50000 10609
50500 10641
51000 10671
51500 10702
52000 10732
52500 10763
53000 10795
53500 10825
54000 10854
54500 10885
55000 10914
55500 10943
56000 10972
56500 11002
57000 11033
57500 11062
58000 11094
58500 11125
59000 11156
59500 11186
60000 11215
60500 11244
61000 11274
61500 11304
62000 11333
62500 11363
63000 11392
63500 11421
64000 11449
64500 11480
65000 11508
65500 11541
66000 11572
66500 11601
67000 11746
67500 11939
68000 12130
68500 12325
69000 12518
69500 12710
70000 12901
70500 13103
71000 13300
71500 13497
72000 13690
72500 13887
73000 14083
73500 14278
74000 14473
74500 14665
75000 14858
75500 15051
76000 15243
76500 15437
77000 15629
77500 15821
78000 16016
78500 16212
79000 16407
79500 16603
80000 16796
80500 17001
81000 17199
81500 17396
82000 17593
82500 17790
83000 17984
83500 18179
84000 18374
84500 18571
85000 18765
85500 18957
86000 19150
86500 19346
87000 19542
87500 19741
88000 19935
88500 20132
89000 20329
89500 20523
90000 20722
90500 20919
91000 21117
91500 21311
92000 21507
92500 21702
93000 21896
93500 22091
94000 22286
94500 22482
95000 22678
95500 22876
96000 23071
96500 23270
97000 23467
97500 23665
98000 23864
98500 24062
99000 24264
99500 24477
100000 24690
