0 0
500 409
1000 2726
1500 7239
2000 13584
2500 21718
3000 32268
3500 44149
4000 57729
4500 73330
5000 90578
5500 109554
6000 132877
6500 155522
7000 188088
7500 216340
8000 244556
8500 274411
9000 306235
9500 339886
10000 376301
10500 413660
11000 452971
11500 494615
12000 538162
12500 582392
13000 627976
13500 712244
14000 762694
14500 835826
15000 904390
15500 968353
16000 1041158
16500 1105598
17000 1207003
17500 1296477
18000 1393944
18500 1502674
19000 1574948
19500 1668425
20000 1743823
20500 1817823
21000 1893935
21500 1990185
22000 2129987
22500 2289337
23000 2452760
23500 2558965
24000 2642480
24500 2727837
25000 2815035
25500 2904527
26000 2995721
26500 3088383
27000 3182846
27500 3279131
28000 3377453
28500 3477540
29000 3579132
29500 3682451
30000 3787660
30500 3894887
31000 4004400
31500 4114949
32000 4227173
32500 4341159
33000 4457567
33500 4535930
34000 4536242
34500 4537780
35000 4540226
35500 4543524
36000 4547673
36500 4552675
37000 4558527
37500 4565251
38000 4572809
38500 4581221
39000 4590499
39500 4600621
40000 4611592
40500 4623410
41000 4636088
41500 4649616
42000 4663998
42500 4679586
43000 4696396
43500 4713351
44000 4731146
44500 4749838
45000 4769408
45500 4789771
46000 4810977
46500 4833053
47000 4856413
47500 4880188
48000 4904807
48500 4930271
49000 4956917
49500 4984145
50000 5012199
50500 5041107
51000 5070854
51500 5101475
52000 5132916
52500 5165216
53000 5198359
53500 5232384
54000 5267282
54500 5303013
55000 5339611
55500 5377386
56000 5415781
56500 5455343
57000 5495563
57500 5536662
58000 5578638
58500 5621507
59000 5665262
59500 5709920
60000 5755507
60500 5801973
61000 5849286
61500 5897760
62000 5947022
62500 5996932
63000 6047717
63500 6099475
64000 6151967
64500 6205322
65000 6259603
65500 6314681
66000 6370885
66500 6427700
67000 6525858
67500 6645653
68000 6767233
68500 6891010
69000 7016866
69500 7143768
70000 7272418
70500 7403228
71000 7535720
71500 7669755
72000 7806094
72500 7946131
73000 8085453
73500 8226550
74000 8369414
74500 8513995
75000 8660227
75500 8808294
76000 8958137
76500 9109767
77000 9263161
77500 9418323
78000 9575465
78500 9734162
79000 9895255
79500 10057876
