0 0
500 45
1000 92
1500 140
2000 172
2500 204
3000 237
3500 268
4000 299
4500 331
5000 362
5500 393
6000 426
6500 458
7000 490
7500 522
8000 553
8500 585
9000 616
9500 648
10000 680
10500 711
11000 744
11500 775
12000 806
12500 840
13000 871
13500 903
14000 936
14500 968
15000 1000
15500 1031
16000 1061
16500 1094
17000 1126
17500 1157
18000 1189
18500 1220
19000 1252
19500 1283
20000 1314
20500 1347
21000 1379
21500 1412
22000 1444
22500 1475
23000 1506
23500 1537
24000 1570
24500 1602
25000 1633
25500 1664
26000 1695
26500 1725
27000 1758
27500 1789
28000 1821
28500 1852
29000 1885
29500 1917
30000 1947
30500 1978
31000 2009
31500 2042
32000 2074
32500 2107
33000 2138
33500 2167
34000 2187
34500 2208
35000 2229
35500 2250
36000 2270
36500 2291
37000 2311
37500 2330
38000 2348
38500 2383
39000 2403
39500 2422
40000 2441
40500 2460
41000 2479
41500 2498
42000 2517
42500 2535
43000 2554
43500 2572
44000 2591
44500 2610
45000 2628
45500 2647
46000 2666
46500 2685
47000 2702
47500 2719
48000 2736
48500 2753
49000 2770
49500 2786
50000 2803
50500 2820
51000 2837
51500 2854
52000 2871
52500 2888
53000 2905
53500 2921
54000 2938
54500 2955
55000 2972
55500 2989
56000 3006
56500 3023
57000 3039
57500 3055
58000 3071
58500 3086
59000 3102
59500 3118
60000 3134
60500 3150
61000 3166
61500 3182
62000 3197
62500 3213
63000 3229
63500 3244
64000 3260
64500 3276
65000 3292
65500 3308
66000 3324
66500 3340
67000 3356
67500 3373
68000 3389
68500 3405
69000 3422
69500 3439
70000 3455
70500 3472
71000 3489
71500 3505
72000 3522
72500 3539
73000 3555
73500 3572
74000 3589
74500 3606
75000 3622
75500 3639
76000 3655
76500 3672
77000 3689
77500 3706
78000 3722
78500 3739
79000 3756
79500 3772
80000 3789
80500 3806
81000 3822
81500 3839
82000 3856
82500 3873
83000 3889
83500 3906
84000 3923
84500 3939
85000 3956
85500 3973
86000 3990
86500 4007
87000 4023
87500 4040
88000 4056
88500 4073
89000 4090
89500 4107
90000 4124
90500 4141
91000 4158
91500 4174
92000 4191
92500 4208
93000 4225
93500 4241
94000 4258
94500 4275
95000 4291
95500 4308
96000 4325
96500 4342
97000 4359
97500 4376
98000 4393
98500 4410
99000 4427
99500 4444
100000 4461
