0 0
500 46
1000 96
1500 154
2000 189
2500 225
3000 260
3500 294
4000 329
4500 373
5000 409
5500 444
6000 479
6500 515
7000 552
7500 586
8000 621
8500 657
9000 692
9500 728
10000 764
10500 799
11000 837
11500 871
12000 906
12500 944
13000 980
13500 1016
14000 1051
14500 1084
15000 1121
15500 1157
16000 1193
16500 1228
17000 1264
17500 1300
18000 1334
18500 1371
19000 1405
19500 1441
20000 1478
20500 1514
21000 1549
21500 1583
22000 1619
22500 1654
23000 1693
23500 1728
24000 1765
24500 1800
25000 1834
25500 1871
26000 1907
26500 1943
27000 1978
27500 2013
28000 2051
28500 2084
29000 2120
29500 2155
30000 2191
30500 2226
31000 2263
31500 2300
32000 2335
32500 2370
33000 2406
33500 2760
34000 2782
34500 2804
35000 2826
35500 2847
36000 2869
36500 2890
37000 2911
37500 2933
38000 2954
38500 2976
39000 2997
39500 3018
40000 3040
40500 3061
41000 3082
41500 3104
42000 3125
42500 3147
43000 3168
43500 3190
44000 3211
44500 3233
45000 3254
45500 3276
46000 3297
46500 3319
47000 3340
47500 3361
48000 3383
48500 3405
49000 3426
49500 3447
50000 3469
50500 3491
51000 3512
51500 3534
52000 3555
52500 3577
53000 3598
53500 3619
54000 3640
54500 3661
55000 3682
55500 3704
56000 3725
56500 3747
57000 3768
57500 3790
58000 3811
58500 3833
59000 3854
59500 3876
60000 3897
60500 3919
61000 3940
61500 3962
62000 3983
62500 4005
63000 4026
63500 4048
64000 4069
64500 4091
65000 4112
65500 4133
66000 4155
66500 4177
67000 4198
67500 4219
68000 4240
68500 4261
69000 4282
69500 4304
70000 4325
70500 4346
71000 4371
71500 4393
72000 4414
72500 4435
73000 4456
73500 4478
74000 4499
74500 4520
75000 4541
75500 4562
76000 4583
76500 4604
77000 4625
77500 4646
78000 4668
78500 4689
79000 4710
79500 4731
80000 4752
80500 4773
81000 4794
81500 4816
82000 4837
82500 4858
83000 4879
83500 4900
84000 4922
84500 4942
85000 4963
85500 4985
86000 5006
86500 5027
87000 5048
87500 5069
88000 5090
88500 5111
89000 5132
89500 5154
90000 5175
90500 5196
91000 5217
91500 5239
92000 5260
92500 5281
93000 5302
93500 5323
94000 5344
94500 5365
95000 5386
95500 5407
96000 5429
96500 5450
97000 5471
97500 5492
98000 5514
98500 5535
99000 5556
99500 5577
100000 5598
